0.5759713091976577
0.6645836060061272
0.8479227760354603
1.239835572488372
1.6334429216707989
1.9527198317508714
2.1224567863629167
2.4278969688583008
2.617042537704337
2.6596296959897563
2.7492546101511426
2.9037651239182987
3.1172921246905316
3.349033701294727
3.304031264118164
3.322788888528433
2.7421812322672783
0.9102955864374184
1.064779919670181
0.9687186795444723
1.1345084864951025
1.1201325856365436
1.2498726534852849
1.1867005695271824
1.0896925760250487
1.191902679452117
1.5461171715439006
2.0245473071020355
1.967308264107547
1.4618344338119604
