1.3135922759549983
1.155074517266597
0.8414801499885254
0.5542062899444682
0.42953230025505573
0.2608222802469319
0.21229766179692364
0.1158698354590201
0.10930510311325509
0.09367387375536654
0.1321859798735724
0.12427334479288904
0.0787152003076957
0.03700973422072243
0.03625294840829975
0.05772693316131789
0.12109871448287816
0.8906170341895583
0.7635459420074929
0.8833081466673343
0.8030923180987959
1.0057816632211505
0.8849298773912586
0.7823270285053283
0.7868513944301125
0.7319684589225497
0.6130049582687037
0.39697036076521797
0.4178527775342876
0.6433172895441739
