0.5442864860314208
0.6326906740732237
0.8159766973591072
1.2073317631898095
1.6013723458667164
1.921213929614559
2.0897539516516064
2.395498275775784
2.585586459632776
2.626819801878919
2.7168187680658926
2.872014189151087
3.0853896855192056
3.3173133919973967
3.2716242433141756
3.2906056745330834
2.7103255373458213
0.8791833193067934
1.0339639377608703
0.9368318545664344
1.1032627629171838
1.0886171174856127
1.2185404575211196
1.1555889681058569
1.058400638100833
1.1596569354080315
1.5142522648228105
1.9928861542221625
1.9361004723314343
1.4299603043703988
