0.03168482316623688
0.031892931932903525
0.03194607867635312
0.03250380929856262
0.03207057580408246
0.0315059021363124
0.03270283471131051
0.03239869308251684
0.03145607807156136
0.03280989411083705
0.032435842085250056
0.031750934767211726
0.03190243917132622
0.03172030929733058
0.03240702080398841
0.03218321399534955
0.03185569492145681
0.031112267130624954
0.030815981909310685
0.03188682497803797
0.031245723577918653
0.03151546815093093
0.03133219596416524
0.031111601421325512
0.031291937924215606
0.032245744044085596
0.031864906721090054
0.031661152879873145
0.031207791776112548
0.031874129441561656
