0.6937750273922577
0.7097717994468477
0.7185323135853217
0.7092079450238152
0.6571687671805807
0.6105371962944833
0.6840912916353179
0.7633841344936282
0.7725997168650482
0.5903696754414781
0.7713438720820018
0.7986972711821473
0.7565224108495309
0.9048083924467223
0.905108683361715
0.8490230529729942
0.8379819750354272
0.8718709324936782
1.0070441082415842
1.077086821891422
1.1120521054245334
0.9822350714892495
0.9847737831009741
1.0366758465596428
1.1003321484364579
1.0083092037953165
0.9109196499226617
0.9341413348707533
0.9989866116320611
0.9695203515580799
