1.3852796183232203
1.3241361216718017
1.2318030376911397
1.1722816103223066
1.1857580726200634
1.286831276126657
1.2371688531452811
1.119656746673601
1.0719235696631695
1.3607770178193632
1.1886374047098935
1.0740198972472434
1.186790671020536
1.0850950497674687
0.9889297965759021
1.0957990983814057
1.1019623732851271
1.1706538982572896
1.0455756514569141
0.9812074133656836
0.9150422048944806
1.121728832995615
1.1264859004408554
1.006944601463502
0.9084931039805733
0.8533819262029576
1.1090744849749068
1.3959704652668048
1.3933733515413111
1.3120437606655697
