0.45293314637686843
0.8010000389880942
1.0694790217434689
1.2747169812891859
1.4257220794372458
1.591673150024774
1.7826210435179577
2.0026087803244463
2.1279876959319184
2.2461361469792314
2.3588869098433736
2.4746176088510285
2.6506915723537463
2.627275209227747
2.837739599231817
2.874760622935773
2.945052062745127
2.917250778493562
3.0759905147611533
3.2451878577057403
3.2315889262235302
3.309641876288438
3.139281589852885
3.220163666231408
3.525850413068134
3.4637979047149026
3.4103743586806896
3.570639284555523
3.5330759582943396
3.746794764873328
