0.5146936920516696
0.8648022672261316
1.1333233035988495
1.3377980146726423
1.4899366295647805
1.6559671485873604
1.8457640146203405
2.066158041147399
2.1929948632867977
2.311471277588927
2.422720326848605
2.538432696028825
2.7146103739257312
2.690840687321456
2.9013754676323007
2.939100493852662
3.0094414442988744
2.9818257390666187
3.138287977684094
3.3106846381642505
3.295426444315479
3.3734214102284024
3.2046174125322824
3.2848681498844545
3.589201928770391
3.5307285877355
3.4741972075620637
3.635585494337833
3.596961104159725
3.809902792374422
