1.577780436810182
1.158184737394659
0.9412030807629576
0.7344458943179768
0.5687898468090578
0.40555048281241696
0.32279556024046663
0.19095501259327924
0.12809458005794505
0.09678032430920196
0.1532262616644349
0.11373033375882191
0.07116694976569744
0.05920884457308477
0.03898507794340576
0.03262902481090483
0.023665676158905437
0.023184658113782092
0.03544822644141876
0.03556988724954033
0.01819231370606058
0.015095792181450114
0.04487420463230361
0.02140221914412504
0.030086405521575578
0.015524496144917951
0.03704932599125897
0.007818758577270102
0.03373229356611077
0.006091155307466894
