0.0617605456748012
0.06380222823803741
0.0638442818553806
0.06308103338345637
0.06421455012753473
0.06429399856258623
0.06314297110238266
0.06354926082295276
0.06500716735487914
0.06533513060969554
0.06383341700523167
0.06381508717779634
0.06391880157198475
0.06356547809370885
0.06363586840048359
0.06433987091688938
0.0643893815537474
0.06457496057305658
0.06229746292294109
0.06549678045851029
0.06383751809194875
0.06377953393996459
0.06533582267939726
0.0647044836530463
0.0633515157022567
0.06693068302059763
0.0638228488813743
0.06494620978231033
0.06388514586538561
0.06310802750109415
