2.0659344666711402e8
2.0663014810588878e8
2.06633735390173e8
2.0663781606777802e8
2.0663696650092793e8
2.0664627866704667e8
2.066466682354256e8
2.066386391905594e8
2.0664877640380055e8
2.0664696653104335e8
2.0664129932479542e8
2.066440764355789e8
2.0664592888186955e8
2.0664971672389832e8
2.066490408986456e8
2.0664694705909595e8
2.0664907109402633e8
2.0664609695928645e8
2.0664917404412192e8
2.0664705119571033e8
2.066491884944602e8
2.0665012795129362e8
2.0664708990452996e8
2.066501544714368e8
2.0664712939625555e8
2.0664257087304235e8
2.066492552765804e8
2.0664927123798853e8
2.0665019517997468e8
2.066456497320118e8
